6460: 3 4 5 6
6461: 3 9 0 2
6462: 7 3 6 2
6463: 8 8 7 2
6464: 2 3 8 1
6465: 4 7 4 7
6466: 0 0 4 7
6467: 9 6 5 1
6468: 5 2 0 0
6469: 5 8 3 2
6470: 4 2 1 1
6471: 2 4 3 0
6472: 1 6 7 3
6473: 0 7 5 3
6474: 2 0 7 9
6475: 5 3 6 3
6476: 3 0 5 8
6477: 2 8 0 0
6478: 4 8 2 3
6479: 1 8 2 7
6480: 4 2 6 1
6481: 2 5 1 1
6482: 4 5 5 9
6483: 4 1 0 4
6484: 8 7 4 6
6485: 0 2 7 4
6486: 7 6 2 0
6487: 5 0 4 4
6488: 3 2 4 0
6489: 7 5 7 6
6490: 8 1 2 2
6491: 1 3 2 3
6492: 3 9 2 8
6493: 2 3 2 0
6494: 1 1 9 4
6495: 7 8 2 5
6496: 2 0 0 6
6497: 4 9 5 9
6498: 3 2 2 8
6499: 5 4 7 7
6500: 2 0 3 0
6501: 4 4 5 7
6502: 1 7 5 4
6503: 6 0 5 9
6504: 9 0 0 8
6505: 8 3 2 8
6506: 3 1 6 6
6507: 5 1 5 5
6508: 8 9 1 0
6509: 3 2 3 7
6510: 0 7 9 1
6511: 6 8 7 6
6512: 8 6 1 8
6513: 1 8 1 5
6514: 3 7 9 7
6515: 6 0 8 6
6516: 8 4 0 1
6517: 6 4 8 5
6518: 8 9 1 9
6519: 8 6 7 8
6520: 5 8 4 0
6521: 5 9 6 6
6522: 3 0 6 5
6523: 7 0 3 6
6524: 0 8 6 3
6525: 6 7 2 7
6526: 5 6 8 5
6527: 8 4 3 5
6528: 5 3 4 9
6529: 8 3 2 1
6530: 6 2 3 0
6531: 1 6 2 6
6532: 7 4 4 0
6533: 1 4 1 6
6534: 6 8 2 9
6535: 7 6 2 7
6536: 0 4 2 9
6537: 7 8 7 6
6538: 1 5 2 3
6539: 7 5 1 6
6540: 3 4 9 5
6541: 3 6 0 2
6542: 0 1 5 3
6543: 8 7 8 9
6544: 6 8 2 0
6545: 6 5 9 1
6546: 8 0 1 1
6547: 0 5 5 2
6548: 8 3 1 4
6549: 5 1 0 2
6550: 4 5 2 5
6551: 2 3 5 2
6552: 2 1 3 9
6553: 6 9 6 2
6554: 2 6 9 7
6555: 0 2 3 4
6556: 6 0 5 4
6557: 2 3 1 7
6558: 8 9 9 5
6559: 5 2 4 6
6560: 2 7 3 7
6561: 9 0 8 0
6562: 3 1 6 7
6563: 5 5 5 9
6564: 0 4 5 3
6565: 4 5 7 8
6566: 6 2 4 8
