9899: 8 5 6 0 6
9900: 7 1 3 2 7
9901: 7 7 7 2 6
9902: 2 5 1 5 6
9903: 3 2 5 2 5
9904: 7 1 1 5 4
9905: 6 1 4 7 3
9906: 5 9 3 5 2
9907: 4 4 6 2 1
9908: 4 3 5 9 4
9909: 1 3 3 4 5
9910: 9 3 0 4 9 
9911: 3 4 8 8 9
9912: 9 2 5 1 9
9913: 9 5 4 1 9
9914: 9 4 6 7 9
9915: 4 6 8 2 9
9916: 1 0 9 5 9
9917: 9 3 5 2 8
9918: 4 0 6 6 9
9919: 8 9 4 6 8
9920: 4 7 2 1 7
9921: 5 3 2 6 8
9922: 2 7 8 8 8
9923: 6 6 3 8 7
9924: 9 7 8 4 7
9925: 2 0 0 4 6
9926: 5 8 0 9 4
9927: 7 3 7 4 3
9928: 7 1 0 1 2
9929: 2 5 7 2 1
9930: 5 5 2 5 1
9931: 1 1 3 7 1
9932: 8 2 9 2 1
9933: 0 0 2 1 1
9934: 8 8 8 2 1
9935: 7 5 1 5 1
9936: 8 6 9 4 2
9937: 3 1 3 6 2
9938: 4 8 6 7 2
9939: 3 8 2 1 1
9940: 4 1 0 3 8
9941: 7 7 3 3 7
9942: 9 6 5 1 6
9943: 2 8 3 8 5
9944: 0 1 6 2 5
9945: 7 3 2 0 4
9946: 3 4 4 0 3
9947: 1 7 2 8 2
9948: 7 7 0 4 1
9949: 9 7 4 6 4
9950: 0 8 3 1 4
9951: 1 2 8 8 4
9952: 9 1 3 7 4
9953: 9 8 7 7 4
9954: 1 3 2 3 4
9955: 1 2 2 6 4
9956: 0 8 9 4 4
9957: 7 0 7 6 4
9958: 1 7 0 2 3
9959: 8 4 2 1 2
9960: 5 7 5 5 1
9961: 7 4 5 4 3
9962: 6 8 7 0 3
9963: 6 7 2 1 6
9964: 0 6 8 4 6
9965: 8 9 8 5 7
9966: 2 9 9 1 7
9967: 8 2 3 1 7
9968: 7 3 9 0 8
9969: 6 4 0 6 9
9970: 1 5 5 9 5
9971: 1 7 2 7 6
9972: 8 3 5 2 7
9973: 7 8 5 6 7
9974: 5 1 9 4 6
9975: 4 5 3 4 6
9976: 0 3 9 4 5
9977: 0 9 0 1 4
9978: 4 3 4 5 1
9979: 1 6 0 8 2
9980: 6 1 1 8 2
9981: 0 5 9 6 1
9982: 2 7 6 8 1
9983: 3 8 3 9 1
9984: 5 5 4 4 3
9985: 9 7 6 4 2
9986: 1 3 1 0 9
9987: 3 4 1 3 8
9988: 1 1 5 3 7
9989: 4 4 6 4 5
9990: 3 8 1 2 1
9991: 2 8 8 6 3
9992: 6 9 6 2 2
9993: 5 5 7 2 1
